-1.000000000000000000e+01
0.000000000000000000e+00
0.000000000000000000e+00
2.000000000000000000e+00
2.000000000000000000e+01
3.000000000000000000e+01
3.163660644589375570e-01
5.064424514218102136e-02
5.827441077694291982e-01
6.793690703592247804e-01
5.504535218342108127e-01
2.510782563226683362e-01
4.559932702360556256e-01
1.789001799478648902e-01
5.514028855953456709e-01
7.730966059324315687e-01
6.611363770056989386e-01
2.523707516277848839e-01
4.026261899373939634e-01
4.441585537421498531e-01
8.661770253855133328e-01
2.931901676807360246e-01
2.049841278997317495e-01
9.440470757457597450e-02
3.438230059621527612e-01
8.335006855366280387e-01
2.663483769984986704e-02
7.425994674027414089e-02
7.734209898652779636e-01
2.953647050171338551e-01
6.652245791447530809e-02
8.674059610736902792e-01
6.267400212189437880e-01
4.954195373514225231e-01
7.931925677185032164e-01
7.454711018742973261e-01
8.092156244276552668e-01
5.447064515574697730e-01
2.085945623741870536e-01
1.883418928744986509e-01
5.274603922339121675e-01
3.090031149172226543e-01
7.325460572189439468e-01
9.165963663477521006e-01
1.304160490252215254e-02
3.423647179447504296e-01
8.564919552792282786e-02
7.789930641195519367e-02
2.853911386975760411e-01
5.727398591311170239e-01
5.661578233603250521e-01
2.497044276813550345e-01
7.260922374187909201e-01
1.977389809686271871e-01
2.586587892020222323e-01
6.943778175612321801e-01
9.614006348753064701e-01
3.365904679271822797e-01
7.810338962558316389e-02
6.185181298958363216e-01
4.568318538281788133e-01
1.145648289550328380e-01
5.221130389244221792e-01
6.264813946178793280e-01
5.807340354203984756e-01
3.802440111782867671e-01
8.735334773207458214e-01
6.066027520841156262e-01
2.259642316745854584e-01
7.875936330884836245e-01
4.006716521801025888e-01
8.394451295150968662e-01
9.330635691235471540e-01
2.129291594058271286e-01
5.243355866822329014e-01
1.304629164902672001e-01
9.990712104091248325e-02
6.553699309499398939e-01
9.632598227180327877e-01
7.216675095699838227e-01
5.652074691501076664e-01
5.781970276691369426e-01
4.907921648510176205e-01
5.763465115012564866e-01
4.502937980159835707e-01
1.494582420161020275e-01
6.920943040045691719e-01
7.427703444583740877e-01
1.918760664738125010e-01
7.773844051158158575e-01
6.475325946604284510e-01
4.520189061203075953e-01
6.875158135725730757e-01
5.267969618958239231e-01
4.153087857771915470e-01
8.108983414372975540e-01
3.510337150688476182e-01
9.647503813961565422e-01
9.034758677191256915e-02
8.220594370315690291e-01
6.195253174070013413e-01
1.961756412972737174e-01
2.908606908667260571e-01
6.398894380565935958e-01
8.499725565266702532e-01
6.455023185975627964e-02
7.842633494588124865e-02
8.158645407673796868e-01
1.505738648418093462e-01
8.575677972430273410e-01
3.107504781523067194e-01
5.154189481601529899e-01
1.406076826428435123e-01
3.399971793442225776e-01
6.271286133533923168e-01
2.320032138527416965e-02
9.543241808224012246e-02
7.099466840253614297e-01
8.515116573709898828e-01
8.905151318555135642e-01
6.081850088872935434e-01
4.717074659861462127e-01
5.075166207434782528e-01
1.676008869789226141e-01
9.358906358770993084e-01
3.857318666750176872e-01
2.600281564636248710e-01
8.185342792871302953e-01
3.107777083765789206e-01
5.046723554074965534e-01
4.715406981592000779e-01
2.028361052867699854e-01
3.709011769324582763e-01
6.554702158188852046e-01
5.351029875178910933e-01
4.395061228004145670e-01
4.521203909949220723e-01
9.113358767224594148e-01
4.980628170728306214e-01
5.853355245282765296e-02
4.504100421693262302e-01
5.825104971003932652e-01
6.471125748878655548e-01
7.715396847930777735e-02
6.922222417272438921e-02
7.894863045158255765e-01
8.981369196286280721e-01
5.622277205065645544e-01
8.754099019663037495e-01
2.935235607656516699e-01
8.082207507234497879e-01
4.176552478346643449e-01
8.057210288948866150e-01
4.681356872878681408e-01
8.893574581143649516e-01
6.410078355014615648e-01
2.334127035919120186e-01
8.415124786453397343e-01
1.140982095162925702e-01
8.762946089746294076e-01
2.503401587546510987e-01
8.493727709751394128e-01
3.312724354764036150e-01
5.521577310260616933e-02
4.114459858715948659e-01
3.067290914605750318e-01
1.134681574318380237e-01
9.898148641892214883e-01
2.435148805602362909e-01
9.218772191381503500e-01
4.005390623416160700e-01
9.043014338078432246e-01
7.208615477950485184e-01
7.253539722325628158e-01
7.334589224984670031e-01
3.240023612917374285e-01
7.243598162638648086e-01
6.441808502762101929e-01
3.528711681889291629e-01
6.960049181408353158e-01
4.892570869148714641e-01
3.855360608569294856e-01
5.258990859214995872e-03
5.198405774171768190e-01
9.570524429788240806e-01
5.818349685030688168e-01
1.859654153579385349e-01
2.454384511701376281e-01
9.552059462009356849e-01
8.992599644510262946e-01
5.597249172590201827e-02
1.744661855564716424e-01
9.580163928051010913e-01
8.398093888102057258e-01
5.366878969646954323e-01
1.430480516464762708e-01
4.926795748234454875e-01
7.975791875982334300e-01
2.979604776665587540e-01
6.382573734517744679e-01
7.198961233227215706e-01
6.905171575294744013e-01
5.339712643500434952e-01
6.226893004925039277e-01
4.338266675305776365e-01
9.665388850690792566e-01
7.113757495979163847e-01
4.158555129671676065e-01
2.778920304474263858e-02
2.801490809630169387e-01
8.509322931023459713e-01
7.057010358992342747e-01
7.241135527420690110e-01
5.997053927383195759e-01
8.326312739298917798e-01
1.002622746378202256e-01
7.639903493946631485e-02
3.723311085553464572e-01
8.267619081911169454e-01
1.567968073853582833e-01
4.925699950847430841e-01
4.786024804206292504e-01
8.763314293977541025e-01
9.590959067840328922e-01
2.964348811431498643e-01
3.916709324433313988e-01
8.574585133227708988e-01
3.172486687317310761e-01
2.788714563368537291e-01
8.682081486196820963e-01
8.737383391437582025e-01
1.950207750302185294e-01
9.979193225637652542e-01
3.488446507987723599e-01
9.544931357408771300e-01
4.357141053272678421e-01
7.138924159695552163e-01
3.460077278514940291e-01
2.845932446162657836e-01
6.559908755231950162e-01
9.147601749911560276e-01
8.668352774271133043e-01
9.202769935191001949e-01
1.846012356660597931e-03
3.864274819825331830e-01
3.643419139361732118e-01
7.032008203464480411e-01
8.189418763612510421e-01
4.883381344185961925e-01
6.782651788327740405e-01
7.478956922968826859e-02
8.498035907956403845e-01
9.494811591006708795e-01
9.417065513543242394e-01
2.762806655498986075e-01
5.742977700829213772e-01
3.946332089835452583e-01
8.852346074190501346e-01
2.636712080939568326e-01
6.471886596760202393e-01
6.857591838907585169e-01
3.084772080809993211e-01
8.164777437351459222e-01
5.478825335608539238e-02
8.830450748676570427e-01
8.436045821373616693e-02
9.143842212436148476e-01
6.750524065383937122e-01
5.677890828693250569e-01
5.346217843244895906e-01
9.287789721892674155e-01
3.203072807622494578e-01
8.825177684866398753e-01
5.351184462686980892e-01
3.201152763729099293e-01
9.967963202303646852e-01
2.435841156789845252e-01
3.463832642435867859e-01
4.180355104992857784e-01
2.268908706854412261e-01
9.668138794252160162e-01
3.704669776168973971e-01
4.414551559285689875e-01
4.341106626199778828e-01
3.322097093205408358e-01
4.021083408211930665e-01
3.119383808510407530e-01
6.560450413847923601e-01
6.149414465849367684e-01
9.845504749060238758e-01
4.798964899340555368e-01
5.241890520100407347e-01
8.465973622874284343e-01
5.844602421221510857e-01
8.285524202300992291e-01
9.710855630486654455e-01
1.866060334113950336e-01
9.930254970671044124e-01
3.716975573140843814e-01
1.486849879640000927e-01
7.684398575665212228e-01
5.317994358976606550e-01
5.277685564764102999e-01
4.615786424913969066e-01
1.668579082992549534e-02
6.738542892939112239e-01
7.026694020505589444e-01
4.828428202774044387e-01
6.550214297534060481e-01
8.247220757168146621e-01
5.669697329375894546e-01
2.635462270337785018e-01
7.315801520039715289e-01
8.421733004856117866e-01
2.671257750212638893e-01
2.096666351009841556e-01
3.432741949696983541e-01
8.660455366918167197e-01
8.684455104953747728e-03
8.098321189328494540e-01
5.698243296298521887e-02
8.897168211024472084e-01
2.534882185491761364e-01
3.299238688083002691e-01
1.812084958493945797e-01
3.291763252561689113e-01
4.319977325429887882e-01
5.271989953212430358e-02
9.498930963533566141e-01
9.482923010329014080e-02
4.871418178362769691e-01
3.420675663085911422e-01
6.887305791908246988e-01
2.550658349417233017e-01
8.731363763081401164e-02
6.723156905675070627e-01
7.280044581680484850e-01
9.260473669650617357e-01
1.272205851204677440e-01
6.430280844589271183e-01
8.005817702176041273e-01
4.725180153100878577e-01
1.160045341597545354e-01
6.118141543096862200e-01
8.160073845495272593e-01
3.054951273200708917e-01
6.179404662220325806e-01
7.594932140204857518e-02
1.852003786588523049e-01
3.860082735302564627e-01
9.298766825493972599e-01
1.451167544714125901e-01
1.580131475556291187e-01
2.369918412314343525e-01
3.731122506240638348e-01
7.212740271065425368e-01
1.557457837750290119e-01
8.725325516811954785e-01
5.157493372105989016e-01
9.616489513633170727e-01
2.312258403621090252e-01
1.953741673016367031e-01
1.368612458208749993e-01
4.396367325474737076e-01
5.061957418311603396e-01
9.806647033679263270e-01
1.726456519148635849e-01
1.067956085180401526e-01
7.809295375693698915e-01
7.072008547445807203e-01
2.434488276200410528e-01
6.406126728403559456e-01
1.771623272619876621e-01
1.738986176663662730e-01
6.043351101952229021e-01
2.618669582569843612e-03
7.420073772146018598e-01
8.514974444035555701e-01
4.344729940013388747e-01
6.263245542855112591e-01
9.241166407959044982e-01
4.701594884621663750e-01
4.233819981139365085e-01
1.826341410726495251e-01
6.330324622908073406e-01
5.494396653332311864e-02
4.802613208277790591e-01
1.741543206615603356e-01
7.349423023213474959e-01
1.172161460456357940e-01
7.127626310698729206e-01
7.682515603288971873e-01
6.197026044080311546e-01
5.665769903701096677e-01
6.902990630132053163e-01
7.560197854133805517e-01
7.135483391633368200e-01
6.639541183664773305e-01
3.397637856393164180e-01
1.876192076853647750e-01
8.565321864855899303e-01
6.481174114421621724e-01
2.436046692855992069e-01
7.706839309864047527e-01
6.871678181640084038e-02
4.556034226492394756e-01
2.287681910186389889e-02
6.958033125974151245e-01
8.351486175412253798e-01
6.979843080426559876e-01
5.928638403155599423e-01
9.044492140757912635e-01
7.016280613049791226e-01
1.139646648581151833e-01
1.796041066416712573e-01
8.860222129424726312e-01
5.152634204380857064e-02
8.017981494295683964e-01
5.542439803856759051e-01
1.332835433880064091e-01
2.677908708314332697e-01
7.569711605120088560e-02
6.708903653175674053e-01
1.687550429801228935e-01
3.598228613708871482e-01
1.624783527652121640e-01
5.557159013586643326e-02
4.266352841692053754e-01
4.410484084157076934e-01
1.386152114630520016e-01
7.694707321737792594e-02
6.709109150106457031e-01
7.858885269238423676e-01
7.821265095961342784e-01
4.965255531179200155e-01
8.153539882399896133e-01
6.744971459457299590e-01
5.140116158183619666e-01
2.159079326684544275e-01
3.399660015800998192e-02
8.204980672274697628e-02
6.942839485006335742e-02
6.533809725828277903e-01
8.157373689802802641e-01
4.954497977068069714e-01
2.844074247001412425e-01
7.534927726835685124e-01
7.599585721222580359e-01
4.076604193140008769e-01
6.838940955616112927e-02
4.524596943750777145e-01
9.709593337593872553e-01
8.066025741089037915e-01
9.340578207530014776e-02
4.410031348468278489e-01
2.615928323681570022e-01
7.546946517325107129e-01
5.092050686102935764e-01
2.812899210656345517e-01
7.771582467339288591e-01
8.252033963920268889e-02
7.114909655534710220e-01
6.883674448714780514e-01
4.972650717041253721e-01
9.827222353995226367e-01
8.669594017404750330e-01
5.387452104933553310e-01
6.034399939123491485e-02
6.754580889700424473e-01
7.429335019765548331e-01
8.432700906097990723e-01
7.183390664773756651e-01
2.609530881032461336e-01
7.629715705338668830e-02
3.065072567459414810e-01
2.024036847082957280e-01
2.652414258417692405e-01
6.075905331580022661e-02
4.393972452220962222e-01
4.330251946942105246e-01
7.924560835684975046e-01
7.836710512899888181e-01
7.053746525214943386e-02
6.691577672749006167e-01
4.092040237392796653e-01
1.161506105203918837e-01
8.642152950510562093e-01
2.769207953425876223e-01
4.434291457593986241e-02
2.320322039990263541e-02
7.677503759369846970e-01
6.946696033960076955e-01
4.057095025080617035e-01
1.452064558406929162e-01
6.844498758479796718e-01
9.963969596080083369e-01
6.827465442046529720e-01
1.046564051160646658e-01
4.574733558953976154e-01
2.059412171429106930e-01
7.291557366014596031e-01
9.692248014434071690e-01
7.874217912369640970e-03
5.355739334995515133e-01
5.356670916151150541e-01
9.104066096401971508e-01
8.205637294664868131e-01
1.522045993668134090e-01
5.298784353311917217e-01
7.245723567487448724e-01
1.047334181988737178e-01
7.530029829185150847e-01
5.193634476963413515e-01
4.657797951443000128e-01
6.585223457698387017e-01
5.354960176146402739e-01
4.976796793913478290e-01
9.848271752112350841e-01
6.395252058986355959e-02
8.571203064341459399e-01
4.388543910859846742e-01
3.737037888406576913e-01
5.237047522517619402e-01
8.501438762180576481e-01
6.572602398931780554e-01
5.020053852992717447e-01
8.777297682533066192e-01
8.383770456326510301e-01
9.932325504567945940e-01
8.333708727219439893e-01
6.143300212526324744e-01
3.569971534992223416e-01
9.288869246595023998e-01
6.167143002639826621e-01
9.739060011836001562e-01
9.463365410622714968e-02
6.774982896330402626e-01
4.933306940962783882e-01
4.703108879622530658e-01
5.916468979052382782e-01
6.309790386135812890e-01
4.511915511438155946e-01
8.479304205639286440e-01
5.447383336506541607e-01
6.692353469051114390e-01
4.879802619054588453e-01
6.575405926012216629e-01
5.286036052414930797e-01
3.048229018968664494e-01
7.053369978662338280e-02
3.279476082428322004e-01
4.816737431413213866e-01
2.817818570057275540e-01
8.439494882855875790e-01
8.392230311475606941e-01
2.853070695256277878e-01
5.341149669960357782e-01
1.921411813432073457e-01
7.028923297890550259e-01
9.723114452731641544e-01
6.522552543212841725e-01
7.419515782512664526e-02
3.684745524940870043e-01
4.275223826530125670e-01
2.188904411299258390e-01
4.094100205641030277e-01
5.158512062117159847e-02
1.761508139072076595e-02
7.279225280645770235e-01
9.227132852342245783e-02
8.761173107560382700e-02
8.394740282379146157e-01
3.834596224942923293e-01
1.409378230553954836e-01
7.572083049158523371e-01
9.172170063231990245e-01
9.720042749177669750e-01
3.648857203166377960e-01
4.177167600879851950e-01
4.717250995367296973e-01
8.186700069819013992e-01
4.167756969568623404e-01
3.365747181141922617e-01
1.901239331394394272e-01
1.259309308749686496e-01
6.880184082812170754e-01
6.578682346505443368e-01
6.369924796040988824e-01
5.513192845627219452e-01
5.687681154317700827e-01
6.231058342851059084e-01
8.185638772725841728e-01
5.126195468549961110e-01
6.932156606251405062e-02
7.875321003846347256e-02
7.829945972676970456e-01
3.459770702449080915e-01
6.018114246526423683e-01
6.474522350182013719e-01
5.129415514588392400e-01
4.818269636076755180e-02
3.573740228064403723e-02
8.694590222800258061e-02
9.740908032691838470e-01
3.315699632126191121e-01
8.654830419454925261e-01
2.705498891006143936e-01
2.988373002911749454e-01
6.829502399443442284e-01
1.134576127907659382e-01
4.921454020562489040e-01
1.991120059400334208e-01
4.363317155841017758e-01
7.607747317959794309e-01
2.143054019130956611e-01
1.183553906197098993e-02
5.918249215695987608e-01
6.415876808517148033e-01
5.129530504362661558e-01
9.761311807853190192e-02
5.454287692750046102e-01
3.724001376093860616e-01
3.667620232207735587e-01
1.299007130571170343e-01
8.085354549862554530e-01
7.702583531996279875e-01
7.832396442195614927e-01
5.294970112846303367e-01
6.623349650129588539e-01
8.369449376835141896e-01
2.602790630152499451e-01
1.587962699998821670e-01
8.082781828633567311e-02
7.586150219694106633e-01
8.976649967946267461e-01
4.918336962722312800e-01
5.942809232774580730e-01
2.170834045425407144e-02
7.386745018584147671e-01
9.111055336396204352e-01
4.667549677932929519e-01
6.739251018576395413e-01
5.434384318810019376e-01
5.244908231946671107e-01
3.304930038244907609e-01
2.353344618148248690e-01
7.966090157105308878e-01
3.189551974271243040e-01
6.833812387514853759e-01
7.216037723705126528e-01
7.583624461424861574e-01
1.359278107828352233e-01
9.315459785681955429e-01
4.058046043018073146e-01
7.864307350212283998e-01
7.728637811915112232e-01
3.896661181866515333e-01
2.872235972248684543e-01
7.498441386105552109e-01
6.386199303574908726e-01
6.314026068006202141e-01
7.034977346423868516e-01
2.026464297245684776e-01
9.116139821281632472e-02
8.727173212474451658e-01
3.181646012650680699e-01
3.559777686027233434e-01
3.936582124092000701e-01
9.817725927230314120e-01
7.328335088737347736e-01
9.642328731333806857e-01
5.217125877623647323e-01
7.118890712225967032e-02
6.633988334344294024e-01
8.406200212338639233e-01
8.954240136460065447e-01
2.566864981800832668e-01
9.477282362902791357e-01
5.726283910329910132e-02
4.126305849841881424e-01
2.346855208820770589e-01
4.905012491445236433e-01
9.254740243434367297e-02
7.895172131393858317e-01
6.970450359639279725e-01
2.253283218407924338e-01
7.721947459093760902e-01
3.681295766182413054e-01
2.010783251456094156e-01
1.075675029134753879e-01
4.225135858254497334e-01
2.136754552224511272e-01
1.867312432822543222e-02
5.505521342453062461e-01
5.674163040284625481e-01
4.974740553902896600e-01
9.396971615988747306e-02
4.521802235786378521e-01
9.771463179072117367e-01
5.259654911371003383e-02
5.478644731094127751e-01
4.845824154447326837e-01
8.237690581317262950e-01
2.154331154096333911e-01
8.052512314004703908e-01
3.823301232516025383e-01
9.373366322936327322e-01
2.156424736079136650e-01
6.846902492276824015e-01
9.543225947504385687e-02
3.199705885144586981e-01
3.012309039740043159e-01
2.439828190478313674e-01
9.087312245073273509e-01
3.623923080597775126e-01
9.088011739454193716e-01
7.630699734170273141e-01
5.949661222998263721e-01
7.334422516699702355e-01
9.312320230199779836e-01
5.314417351861181471e-01
1.220352758482056155e-01
2.730137369929342972e-01
7.237047020559597144e-01
4.706418980766408078e-01
9.032779976508283903e-01
6.616181036591939346e-01
7.447369966414870701e-01
1.166793000733941099e-01
1.107479045426614794e-01
3.581600920887828554e-01
7.018108687168261861e-01
5.870569394151484710e-01
5.601308478401983981e-01
4.806431723028463665e-01
2.232593411256743599e-01
9.420145022668562351e-01
3.603645759230234003e-02
2.419835344420417922e-01
9.569793803024287948e-01
8.011714818947934802e-02
9.843497061225364719e-01
4.743168521107454794e-04
4.509947445549103984e-01
8.359311684814817456e-01
3.574615832853150765e-01
9.566087080198338866e-01
8.760234715706198827e-01
4.449856913267160596e-01
4.946513801938123844e-01
7.792742881891114859e-01
1.268051023891256790e-01
3.884682514291148969e-02
1.382697341891073739e-01
2.661375658172574488e-01
2.669654746048989447e-01
7.736578225432481082e-01
5.823216761273437569e-01
1.328572823257714308e-01
6.209299420336645836e-01
3.616527445040595978e-01
1.186830607006386096e-01
6.107531680188896805e-01
2.526433749698864251e-02
2.983464988353726755e-01
7.450817349244933663e-01
9.597421261527727676e-01
7.779720481832086421e-01
1.228892936943958292e-01
9.021787808776537965e-01
1.701703039530504391e-01
1.847508059321175677e-01
3.447314061534525464e-01
3.984548558250200490e-02
3.025913888712782329e-01
7.305953785584000659e-01
6.327687515491615677e-01
6.489761441525654373e-01
8.263060377750991448e-01
1.997565471659007441e-01
5.799561356392669564e-01
4.106532409394310079e-01
7.845911658485474893e-01
8.258667844784191026e-01
4.530180683445568235e-01
3.801951237880288881e-01
4.366539562301596789e-03
8.829248936453483187e-01
9.732800053625045855e-01
4.425142330545818181e-01
8.487562106422373853e-01
7.017312021859010152e-01
6.979514744594645936e-01
7.990220814105160052e-01
9.166414921782822800e-01
3.639612515443348961e-01
7.290010514753841875e-01
9.150999457649117153e-01
4.701175591720625491e-01
7.301011841936271285e-01
4.576582450580302108e-02
8.649795544504831346e-01
8.868780918893172105e-01
3.458412472444272190e-01
3.494975297623872379e-01
2.532329109373133713e-01
4.117226640282651839e-01
6.240125824638971253e-01
9.634574969816700474e-01
3.200883026788943209e-01
7.689409942954362753e-01
8.646957629450982008e-01
4.336644130624801585e-01
1.865838584475716377e-01
7.967193080295009722e-01
6.480125888733458961e-01
7.936500546116183052e-01
2.655062114496214987e-01
5.566406521261569873e-01
7.613986132855365963e-01
9.509569267626780675e-01
6.854029099921787882e-01
5.504895950030970209e-01
1.598463617957159855e-01
2.369758200788230074e-02
8.526669626568734728e-01
7.887057312544188958e-01
9.061636969233866079e-02
9.697260878189463140e-01
8.837600460663318502e-01
3.014765300602841869e-01
3.598421003437768384e-03
4.599840949173610305e-01
5.554697681837407197e-01
4.744331676957185273e-01
4.261831677448513211e-02
5.287424663658628621e-01
9.320190690320661053e-01
6.613702137186325825e-01
1.638423446586269039e-01
9.227409245851504460e-01
2.717488053846244256e-01
2.472045308534228658e-01
2.777516119386692628e-01
5.995863158287072503e-01
4.507186391075533871e-01
1.847106036095499393e-01
4.531191308441130383e-01
2.030292019018342664e-01
5.197856325122064414e-01
4.744338741518798752e-01
2.779248726211450693e-01
5.404410884667720794e-01
6.297218398857510335e-01
6.478573161933146585e-01
1.881724414983069193e-01
8.862972699309017433e-01
8.427035794255517409e-01
3.399235670245230878e-01
9.872623850473214446e-01
8.372838962288312592e-01
7.198994782174061857e-02
9.710385306404792916e-01
6.833671374989266356e-01
9.880548149398216129e-01
8.540586188826079228e-01
5.231670561218548787e-01
6.257227666357562113e-01
7.688590427939075989e-01
4.733443555936661662e-01
3.135868259551946036e-01
9.599898977490742835e-01
8.827305803918494842e-02
5.425605877100434515e-01
2.643691524289264461e-01
2.631414051662522846e-01
8.780012784747914800e-02
2.804182487848827510e-02
5.491575355331415054e-01
4.932255632434866532e-01
4.418551471346543469e-01
8.897120962621042350e-01
1.935121982536395224e-01
2.131629097747810286e-01
6.689759171490786693e-01
5.631739206988883861e-01
7.354776565994514126e-02
4.617688063711149482e-01
2.497467142250531236e-01
5.002562105261512126e-01
2.178509633023972825e-01
6.197777455867560237e-01
4.992718996180312008e-02
4.744774845778814143e-01
6.210060465263490537e-01
8.772853960782244220e-01
8.125958167004654342e-01
4.499855632555239682e-01
3.179688343012665452e-02
1.906482755801851559e-01
9.120239003978383163e-01
3.679459117312197103e-01
5.574762078355943729e-03
7.534998363483484951e-01
7.541613082007410096e-01
9.969851679721396520e-01
1.573564881082212263e-02
2.831491630891865841e-01
9.657959225476449028e-01
1.472242263463774403e-01
4.952392803274675570e-01
9.258079309844967630e-01
4.148293606253022903e-01
6.332130479039529414e-01
9.663216003588087633e-01
6.908761825161506831e-01
6.076049709266919674e-01
3.658001782490857279e-01
1.068719234902441029e-01
8.422841097258935150e-01
8.042998510616070629e-01
9.546245015787215848e-01
9.098870804208123442e-01
2.271040976104545805e-01
9.207987094643568238e-01
4.829150875807209919e-01
7.727280841950613377e-01
8.087752445874936136e-01
8.110278025089380227e-01
3.139029511733044675e-01
3.667213441446562916e-01
1.712015855937020214e-01
9.465214197157350018e-01
8.666592570127892303e-01
7.885906165687632807e-01
4.396796111197731616e-01
6.493252085556642239e-01
8.074788571216194866e-01
5.879401306638043501e-02
8.049415510683028963e-01
1.971966200800794322e-01
9.946917629459895993e-01
7.886236946466389508e-01
3.017416161525265927e-02
6.349755471547480212e-04
5.473388408554435980e-02
3.100696028773725077e-01
8.652324916917693010e-01
4.876368930699389592e-01
7.286886006498507484e-01
5.633697370101530266e-01
4.298734314916857757e-01
4.031315661889685042e-01
2.123936054933039941e-01
3.717701076058249621e-01
3.376847772213740217e-01
3.897068185509375837e-01
8.079225069796370784e-01
1.125176181197881098e-01
4.389130065091260136e-01
5.783256062559405386e-01
5.532455476630837587e-03
2.795347190914830859e-01
8.655352002224625529e-02
8.201023375284286487e-01
8.848923410684372826e-02
1.415868027675282192e-01
2.859149610348556969e-01
2.559704840287739813e-01
4.579362744936420482e-01
9.367263807644221618e-01
5.123873986114715340e-01
4.576350599944343234e-01
2.891948917980806666e-01
7.402734409523614723e-02
2.827701627335181822e-01
1.078177566976780133e-01
9.366850415144860609e-01
4.841313598015293262e-01
9.791964889692739149e-01
2.846630367777107651e-01
5.855480464573743493e-01
1.815864899979434677e-01
8.576869120170338423e-02
8.845077958660447770e-01
9.204564454968945375e-01
9.275813675939847958e-02
6.019094269317488699e-01
3.582253337139652549e-01
1.273593497525502549e-01
3.687030412104083110e-01
7.109067185277482270e-01
4.509703267562439333e-01
2.516086247883266847e-01
5.512791300400073924e-01
5.722115580832271009e-01
9.350221093375100656e-01
9.369289526635965482e-01
5.731372381016909268e-01
8.656229067529418453e-01
8.548487556006302279e-01
9.612309706026620493e-01
5.531688563633299083e-01
7.026941791786892599e-01
6.336062139289262429e-01
4.167346479908146106e-01
