2.36157335906
4.3340095117
1.54459209088
1.02583149632
1.52965487436
3.52931068162
1.09519676302
0.144951827224
4.55516567972
0.41844374904
0.844736157205
1.74170326767
1.53422145666
1.74237962417
2.8883874615
3.98074912863
0.536023747018
1.49082363197
2.81300952196
1.98147935073
3.35694304445
0.675999872838
0.359700293147
4.00953762641
0.700938858181
0.842091012328
0.0738584732608
1.11884965612
1.24849322578
2.61514639864
2.88810895792
0.154439759353
3.564019897
0.741363677707
1.60447409477
2.17411805244
2.3588478183
2.65857982602
1.15642423601
4.21865271658
0.590120120351
1.20420723601
2.67405266812
0.0516594824876
4.50682732642
0.407631467697
0.469051471873
0.0176994810863
1.16009259204
1.19212240346
0.0530675977461
2.39098200618
0.563323849901
4.02532054363
0.0430710788532
3.75025870424
1.87318969389
0.604820180497
0.382709313853
0.0575818228026
3.3430973798
2.98457065386
2.26963162138
0.037730202348
2.4900875732
0.74168062366
2.24556459043
0.471541648212
1.35685157277
2.63495993819
0.633537208996
1.17781352268
4.54734459337
1.42965314057
0.88990939691
2.78616368461
1.21363209777
4.1911764401
1.64973132173
0.0543120069597
3.677252568
2.2618750906
3.63384263108
1.10237474995
1.60114236845
1.1129300567
0.692334055648
0.847242215777
3.79658258678
3.07672203096
0.225735909808
2.95565405424
2.39068144959
0.749976180377
0.191677987423
0.0381731512789
3.85108874907
1.1147208032
2.52662156829
0.192781896894
2.59142789128
0.741033701333
0.0862710708861
1.12764231329
0.816899278716
1.50984123548
0.398481898428
0.958421200576
2.00946812623
1.64450937218
0.00755435738029
3.50485923971
0.264030754015
1.88920014021
4.11199195493
1.04136429203
3.07078067388
2.53077836231
1.19403364519
0.401107207908
4.21779902619
1.94094227426
2.38751002047
2.51787294419
0.124539695425
1.14008218492
1.27243129886
0.243997891166
2.3835235738
0.306117814462
4.35763919935
1.15364145462
0.270748986759
0.652608518985
0.0251915890294
1.88765357684
0.496346168757
0.575068167118
0.681371439796
0.235803856813
0.0872703961431
4.71270720082
2.11113780635
2.98747215387
1.51009135436
1.62910862498
1.10599182293
1.66444588854
0.133380085754
0.773933149885
0.630951627772
1.40548349813
0.897839347454
1.15927557385
2.0195237002
2.6758854913
0.392070459138
0.177529721113
2.26081082133
0.130163031754
0.42660825331
1.58070864322
4.40006778881
1.44079099641
0.0231338817321
2.75012403301
0.612101142378
2.46845341411
0.515012598362
0.554502999721
1.33679071047
0.0981315402169
2.33852303905
1.30628880692
0.690257899487
0.662545234745
0.978422301378
3.4944808517
1.97994116273
1.22045602378
0.993909881108
4.66906785847
0.468392582006
1.35244547965
0.719957233014
0.664390952661
1.21312827718
2.47889150683
0.257985062754
0.805948362249
0.0150707538523
0.852266079291
1.8867167901
0.685411480126
1.68910120695
2.40270024489
1.72247042808
1.37788039859
2.19071778523
1.58876393472
4.92150708993
1.20188372342
0.446579450563
3.50211886333
0.0568917050259
0.460561071677
4.29889426447
4.3004692385
0.589003407167
0.896318088753
2.09575767843
1.55136302734
0.525094485902
0.683810111141
0.170721347386
0.285181825611
1.15787729805
0.613293349743
1.46056363166
4.18000938454
4.04184674126
0.791086849131
1.00394834812
3.50034722813
1.20134514777
0.450284830476
2.86020592237
0.206682565658
2.56123723528
0.760967660017
0.301753270387
2.97879691585
1.06727000688
1.06206690883
3.85321187842
0.977883343185
2.63037409102
0.212063554045
4.48101005548
4.15840393081
0.897300011275
2.05886937794
0.305154078951
0.835570144918
0.0628204327768
3.30401690699
1.49011086561
0.367568911815
2.1713305265
3.56823399432
0.214027962356
0.0580639414693
0.723697821422
3.48969296481
1.46859986741
2.29886232853
1.06174683491
0.97534571727
0.444768878278
0.234318218063
2.79563877077
0.0387378577761
0.714734400553
0.823259774534
3.19691932953
1.14313664011
2.4743356465
1.9826814354
0.228744731194
0.904173005874
1.02781868176
2.096789166
2.64340939819
1.99172883539
0.996418080231
1.56329700823
4.86072790732
1.57254092885
3.75620956773
1.19871824994
3.35338320729
1.08754402912
0.723326344232
0.0659378090859
3.39064301548
0.914465268952
0.285397635471
3.39407732285
2.89405088864
2.22899325613
1.0974231794
1.82606336445
0.545376822674
1.23378538714
3.99159345388
0.0802246048443
0.362071732461
2.37149655988
2.11312783346
2.28221420028
4.80284604483
2.15739855617
0.419115081286
0.796783610031
0.00675467181281
3.29446820851
1.92163959538
0.0344736706211
3.52548652561
2.30387651024
0.0689695252913
0.570842654915
2.06327189615
1.34831503848
1.84864376
4.09819060597
0.526867137933
4.27042104537
4.33773980389
2.15818055574
1.09610233725
1.26201008519
0.393724271416
0.242405495401
0.49109042202
4.01001013001
1.65881618144
1.18283833821
4.91120773575
0.743429200393
0.0179075187771
1.97698110749
0.892778221305
0.470989479372
2.21747789147
0.860439493181
1.49348817068
0.878049733165
4.97758682543
1.42067041066
0.36437991329
1.58878691464
3.30821188221
2.60133390264
0.295477986438
0.0480501475067
1.78110285206
0.118422475807
2.70944000793
2.89731790599
1.23681035479
1.35992927658
2.01214555643
4.73794938203
4.12701666199
1.44221988629
0.466703181919
0.0495454365773
0.508575889762
2.584867972
0.286503078596
4.59478824333
0.402736560991
2.73152302099
2.77023666658
2.26659596538
0.967523369709
0.863712693654
2.54119732814
0.674375311601
0.323510171538
0.301797213087
1.1790779777
2.55769962587
1.31913169784
4.67895660733
0.576123320461
0.67322435073
3.5345842706
0.13323008794
0.397754830865
0.691034728134
2.48468640948
3.00562959121
0.406863357866
0.438298276831
0.0719328380183
2.04581739597
0.216750879263
0.251420529721
4.0604548101
1.54338192064
0.569007656259
4.43266696703
0.106019322884
4.288911244
1.5333218674
0.095817811125
1.92168593798
2.27874693988
0.575992733029
1.38941936239
0.0816030392161
0.269632612044
2.96303774205
0.00798017814304
3.01079357938
0.155769912326
1.19727902678
1.29197279188
0.447318329161
1.31840850921
2.03098375954
1.08967717173
3.10553789725
4.33624011051
0.13530458993
1.04022631798
0.0744611979644
1.70506239168
2.06724154544
0.373998320056
1.61921544878
0.487538038442
1.64999181322
3.29208737268
1.42114262932
0.355531686864
1.64737107537
1.98640096351
0.860256528103
1.80574724874
0.221953666369
1.42150975441
0.955343233763
0.192977191527
1.062309097
0.2064642388
0.683322526993
3.68336521677
0.411826392583
0.590194314436
2.46482353964
1.26137863694
1.68123825786
0.0822713706475
1.47129182166
0.157009530267
1.27203559299
3.11300159905
3.24618905164
0.178868762287
1.49753708054
2.20106309192
3.19949010202
4.05367884195
0.377765935027
0.137553936893
4.06251505072
4.63897527161
0.158996108821
2.17589690641
1.2945290919
2.68942778377
2.71682615028
1.39769893861
1.96677769919
1.58282162009
0.58184331544
0.669471762858
0.602860317676
0.324013502941
1.12661622919
2.10469155914
0.423600424629
1.56803323377
0.63942104628
0.976489722361
2.94303660798
3.52622080361
0.936048542744
1.80939169497
0.553157902023
0.512640653596
1.07907256101
2.20391285356
1.15450157367
0.722461680607
3.37969417607
0.557289915241
4.36144394316
0.343995533885
1.30025493585
1.87828083933
0.0521840731199
2.79202793583
2.23929516253
1.27715166476
2.60454830815
3.16355396124
2.53959214118
1.7530375917
2.90066508598
0.367831105032
0.498133812935
4.12456526989
2.11837567136
0.57987350091
2.22894550424
0.341476038484
1.6653492956
0.811336521365
0.124386145017
0.0968393189032
2.82601368162
0.556787579762
4.73924262695
1.28991456326
1.66811811123
1.2361299879
4.26967468662
0.718619964946
2.26671614377
3.17851276348
0.582774282948
3.92297326866
1.8873777372
0.664056899277
0.301367431821
1.81162994286
0.605587793798
0.878060344621
0.446082233775
2.1002456569
4.2198381972
1.33223870522
3.77763026025
4.82422873888
0.549475536491
4.54102449749
0.92657996086
3.22656516913
0.441045237603
1.97254078042
2.51177926752
0.0255194386045
0.979164156925
2.76023269598
3.38706409126
0.900873695118
1.12317411107
1.3378264266
0.727892466366
3.90109561998
0.591772583421
2.30412317544
0.940973597098
3.22445155198
2.8648346983
0.768334976947
0.145202946533
0.739475709188
1.43488047555
1.70339392638
0.855660039824
0.0904801981596
1.34166472782
0.119194415693
0.996282682481
0.755166183772
0.272496854468
1.66561983255
3.43720696779
2.94235601283
3.01147479891
3.48375604051
2.30629292926
0.308212163036
1.44010440703
1.44116787756
0.662140379245
1.09935560953
0.855291413709
1.32943205666
2.95049990738
0.0790962473911
0.444533714735
0.202578703847
1.02988721905
2.21321558806
0.725776916897
0.307104362337
1.27957508097
1.738511046
3.44276786698
0.24854815767
0.586363730008
0.689043798575
0.318254528183
4.88585806686
4.64381467706
0.69335527538
0.21875557577
0.496384452772
1.4793511009
1.43034345045
0.239701835017
0.285145832049
3.73880314426
3.12352607307
1.20541017935
1.50102313783
1.04281267781
1.17656680117
0.00418392262873
1.50539281692
3.4613132724
0.19768608634
2.02726347673
2.73832936593
1.73744664782
0.0322504279939
3.13902635826
0.14849635978
1.37791675322
3.88476373556
1.22461516761
4.09519538606
3.99149699886
0.54516033686
3.59936271459
0.972893551298
1.74956092573
3.42407637268
0.645480230442
2.14608986488
0.139987936964
0.529276004654
3.96589733884
0.229577088994
4.92827498008
3.95245620806
0.937473445083
1.65997852831
4.46971273523
1.73751438106
0.717039020547
0.767222955828
0.923264360235
0.343843221117
1.03039530517
3.5935452808
0.54058927014
1.04428346143
0.0515141426331
0.659843817339
0.245986986201
0.513878190441
1.76028519211
2.00813345212
1.27000780034
3.16839526808
0.885161010374
0.902002399334
3.3490910703
2.58016221516
0.0604058177123
0.846106843037
0.968627007514
2.05181593556
0.810802503929
4.94404794234
2.79652312005
1.18470359661
0.456594452889
0.244428524375
2.38313536073
0.0427812107046
2.01923154304
2.61474618284
2.1484915257
0.44651571593
0.717965425238
2.12436493976
2.19124844051
0.518667504402
0.322789908705
0.916780027283
2.45282095153
2.33225019074
0.826252802854
1.109843745
1.54098901022
1.83109527262
4.97369191778
0.971260664974
0.71443813883
0.418315947854
0.578622998719
4.89254789161
0.344968444469
3.3553568233
1.9631036999
2.94340217486
0.195366437038
0.531688243045
1.45936615878
1.61907504835
4.5883068173
0.762550448353
0.260776799178
1.35120621522
4.6305703653
0.629736806623
0.869747105198
0.488531373039
1.61097900771
0.602783925551
2.89162950448
4.98694365615
0.0751855625276
3.84102195526
0.130136937951
0.667268456746
1.62584536326
0.369410714957
1.68169217558
0.143461583993
0.0677731263204
0.0229996145572
0.946156042883
0.00500754917084
0.660915385706
1.10361319934
3.00773882303
0.240104825707
1.15543202704
1.88175452369
4.75645285599
1.41343157901
1.81747925056
1.52956282725
0.307037134153
0.197467791404
4.30095893531
0.613873704942
4.14033263585
0.271972624132
0.604091274399
1.33741516405
1.80708675152
0.0749217729572
0.719567906381
1.72077088166
3.69491247873
0.317169875943
1.55814534615
0.695861825816
0.361073788963
1.36437211217
0.656985694441
0.805092682403
0.653332127704
1.34766329151
4.02006164076
1.25250671976
2.40795808603
1.23398966183
2.25689204422
3.18851603417
0.944641610331
0.108597370436
0.825619233046
0.608089770203
0.520099227679
1.54972724013
0.406084440374
0.027794245816
0.305710598932
1.8950249541
2.72281802241
1.21791354208
0.660565633689
1.45034084231
2.22494611109
0.998621022281
1.01960342148
1.97068106975
0.989018728651
0.702634136733
1.97370710393
3.42123397098
2.82845313326
0.990275335644
0.359022067851
0.176102534078
3.84769566384
0.0319832929745
1.13772589988
0.0316668757478
1.9285246962
0.564954410665
2.57682728323
0.966943842959
0.218726796102
4.00565205638
0.997076479543
2.44268665924
1.0942942013
0.203848676556
1.26025605881
1.64485869478
1.07593794841
0.146858162752
0.620745655815
0.895575240538
1.99638738289
1.73658395759
3.90412636533
3.47034664217
2.25564854228
0.985437405543
0.735482094206
1.19117510189
0.551914062871
0.317584517725
2.79831537264
0.686431239164
2.08323136017
1.8350202253
0.151555541561
1.21283890634
0.156764748353
1.70760166512
0.837701500413
3.29914466089
2.298917757
1.38350636232
0.032652423688
1.06830862909
1.05948012337
0.0440036608052
0.0678120203156
0.570356416047
0.433571220519
2.73756332459
2.24988353051
0.0200913959816
0.718037674214
1.58048426114
0.361300239747
1.22537826541
4.80070409476
1.06010197163
0.430366906603
3.44713190396
1.79083185713
0.247318115671
0.352394708689
0.904845966534
1.20940869278
1.50121100509
1.34588410726
1.62087945452
0.210841708522
0.0563900643283
1.31764851616
1.44779493079
1.07700435196
0.0955000747308
0.23847202483
0.7229002641
0.0491476600473
1.31475137799
0.588902424061
2.34650461366
0.0999212302668
3.50025612395
0.529185712649
3.99618608579
0.362800417552
1.62119510064
2.67899124912
2.17907407557
0.285271101802
4.52656242046
1.82617158515
2.31502930225
1.39941214141
3.97140932807
1.07507629104
0.558335527048
1.59566008707
2.36530360482
0.66551736094
1.05630079601
0.648973259422
2.93411036513
1.12164885817
1.63215952359
1.53767552539
1.40939158245
2.02273986299
0.138229550594
0.866517703935
2.65452783427
1.60921253285
1.84560337149
0.473416100667
0.245402118608
3.34402624605
0.623334486418
1.72815234398
0.610348945302
2.35234143162
0.944776324322
0.26694269528
1.51950703914
0.673941674004
1.43013080136
0.52988191017
1.09575611035
1.63794904483
1.4875128629
0.649959279008
0.618053013541
1.12148275379
0.21756300639
0.117212422138
4.81004992799
1.13618785848
2.79478572014
0.920420660023
0.273404218651
0.336041893252
0.872556400318
1.64039907517
1.43668278892
0.189418367772
2.22079314452
1.95934746188
2.22232378087
0.02737278528
4.42321936444
3.70416324493
0.844472720291
0.448685526844
2.13595740434
3.95273258308
0.141796556636
4.3916101843
0.128400539779
0.562476759706
0.896859156728
0.333792244955
0.438273204873
3.11750084031
1.2497199425
4.30853402021
2.15492685286
2.8764040667
0.0355660291643
0.114196612176
3.3774149085
1.7591230964
1.27075177374
0.583351386804
1.5938521023
0.0872871841239
3.0731451543
1.02578926339
4.94315657223
0.88437868274
1.90857778193
0.568730741916
0.181175294674
0.300637629416
3.50694130819
0.269702614441
1.57160696001
0.0775630210956
1.18102862511
1.5348208057
0.252713710943
0.353285949986
0.833439168
2.20200045701
1.26279370883
0.253684172603
0.678624734082
1.15879966874
1.01572408706
1.43385033234
3.34613695355
3.36709146777
1.48552227612
0.0583864367218
1.87707502041
0.663475469
2.92635210142
